Image: ../BM3D_images/ImNoisy.png

Read input image...done.
image size :
 - width          = 256
 - height         = 256
 - nb of channels = 1

--> Execution on Tesla K40c
BM3D context initialization
	Number of blocks = 16384
	Block per line= 128
	Size Image array= 0.250000 Mb
	Size Basic Image array= 0.250000 Mb
	Size Basic values array= 0.500000 Mb
	Size 3D array = 64.000000 Mb
	Size 3D array (final) = 64.000000 Mb
	Size Block Matching vectors = 1.000000 Mb
	Size Block Matching vectors (complete) = 10.562500 Mb
	Size Block Map array = 0.500000 Mb
	Size Blocks array = 4.000000 Mb
	Size Distance array = 10.562500 Mb
	Size Pixel map= 48.000000 Mb
	Size Pixel map Index= 0.250000 Mb
	Size Block group map = 8.000000 Mb
	Size Block group Index = 0.062500 Mb
	Size WP array = 0.062500 Mb
	Size NP array = 0.062500 Mb
	Size Number of patches = 0.062500 Mb

Run BM3D
	Basic estimates (1 step)
DBlock = 15508
0.000000, 0.000000, 0.000000, 0.000000, 0.000000, 0.000000, 0.000000, 0.000000, 0.000000, 0.000000, 0.000000, 0.000000, 0.000000, 0.000000, 0.000000, 0.000000, 0.000000, 0.000000, 0.000000, 0.000000, 0.000000, 0.000000, 0.000000, 0.000000, 0.000000, 0.000000, 0.000000, 0.000000, 0.000000, 0.000000, 0.000000, 0.000000, 0.000000, 0.000000, 0.000000, 0.000000, 0.000000, 0.000000, 0.000000, 0.000000, 0.000000, 0.000000, 0.000000, 0.000000, 0.000000, 0.000000, 0.000000, 0.000000, 0.000000, 0.000000, 0.000000, 0.000000, 0.000000, 0.000000, 0.000000, 0.000000, 0.000000, 0.000000, 0.000000, 0.000000, 0.000000, 0.000000, 0.000000, 0.000000, 
DBlock = 15508
0.000000, 0.000000, 0.000000, 0.000000, 0.000000, 0.000000, 0.000000, 0.000000, 0.000000, 0.000000, 0.000000, 0.000000, 0.000000, 0.000000, 0.000000, 0.000000, 0.000000, 0.000000, 0.000000, 0.000000, 0.000000, 0.000000, 0.000000, 0.000000, 0.000000, 0.000000, 0.000000, 0.000000, 0.000000, 0.000000, 0.000000, 0.000000, 0.000000, 0.000000, 0.000000, 0.000000, 0.000000, 0.000000, 0.000000, 0.000000, 0.000000, 0.000000, 0.000000, 0.000000, 0.000000, 0.000000, 0.000000, 0.000000, 0.000000, 0.000000, 0.000000, 0.000000, 0.000000, 0.000000, 0.000000, 0.000000, 0.000000, 0.000000, 0.000000, 0.000000, 0.000000, 0.000000, 0.000000, 0.000000, 
TEST Block---0.000000, 0.000000, 0.000000, 0.000000, 0.000000, 0.000000, 0.000000, 0.000000, 0.000000, 0.000000, 0.000000, 0.000000, 0.000000, 0.000000, 0.000000, 0.000000, 0.000000, 0.000000, 0.000000, 0.000000, 0.000000, 0.000000, 0.000000, 0.000000, 0.000000, 0.000000, 0.000000, 0.000000, 0.000000, 0.000000, 0.000000, 0.000000, 0.000000, 0.000000, 0.000000, 0.000000, 0.000000, 0.000000, 0.000000, 0.000000, 0.000000, 0.000000, 0.000000, 0.000000, 0.000000, 0.000000, 0.000000, 0.000000, 0.000000, 0.000000, 0.000000, 0.000000, 0.000000, 0.000000, 0.000000, 0.000000, 0.000000, 0.000000, 0.000000, 0.000000, 0.000000, 0.000000, 0.000000, 0.000000, 
TEST Bm vector----1, -1, -1, -1, -1, -1, -1, -1, -1, -1, -1, -1, -1, -1, -1, -1, 

TEST Block---0.000000, 0.000000, 0.000000, 0.000000, 0.000000, 0.000000, 0.000000, 0.000000, 0.000000, 0.000000, 0.000000, 0.000000, 0.000000, 0.000000, 0.000000, 0.000000, 0.000000, 0.000000, 0.000000, 0.000000, 0.000000, 0.000000, 0.000000, 0.000000, 0.000000, 0.000000, 0.000000, 0.000000, 0.000000, 0.000000, 0.000000, 0.000000, 0.000000, 0.000000, 0.000000, 0.000000, 0.000000, 0.000000, 0.000000, 0.000000, 0.000000, 0.000000, 0.000000, 0.000000, 0.000000, 0.000000, 0.000000, 0.000000, 0.000000, 0.000000, 0.000000, 0.000000, 0.000000, 0.000000, 0.000000, 0.000000, 0.000000, 0.000000, 0.000000, 0.000000, 0.000000, 0.000000, 0.000000, 0.000000, 
TEST Bm vector----1, -1, -1, -1, -1, -1, -1, -1, -1, -1, -1, -1, -1, -1, -1, -1, 
val = 174.000000, block = 248, group = 124, gIndex = 12, x = 0, y= 3, index = 127768
num = 0.006968, den = 0.000040, 
Test PixelMap 
[0, 0:7], [124, 0:5], [248, 0:3], [372, 0:1], [-1, -1:-1], [-1, -1:-1], [-1, -1:-1], [-1, -1:-1], [-1, -1:-1], [-1, -1:-1], [-1, -1:-1], [-1, -1:-1], [-1, -1:-1], [-1, -1:-1], [-1, -1:-1], [-1, -1:-1], [-1, -1:-1], [-1, -1:-1], [-1, -1:-1], [-1, -1:-1], [-1, -1:-1], [-1, -1:-1], [-1, -1:-1], [-1, -1:-1], [-1, -1:-1], [-1, -1:-1], [-1, -1:-1], [-1, -1:-1], [-1, -1:-1], [-1, -1:-1], [-1, -1:-1], [-1, -1:-1], [-1, -1:-1], [-1, -1:-1], [-1, -1:-1], [-1, -1:-1], [-1, -1:-1], [-1, -1:-1], [-1, -1:-1], [-1, -1:-1], [-1, -1:-1], [-1, -1:-1], [-1, -1:-1], [-1, -1:-1], [-1, -1:-1], [-1, -1:-1], [-1, -1:-1], [-1, -1:-1], [-1, -1:-1], [-1, -1:-1], [-1, -1:-1], [-1, -1:-1], [-1, -1:-1], [-1, -1:-1], [-1, -1:-1], [-1, -1:-1], [-1, -1:-1], [-1, -1:-1], [-1, -1:-1], [-1, -1:-1], [-1, -1:-1], [-1, -1:-1], [-1, -1:-1], [-1, -1:-1], 
Test BlockGroup 
[-1, -1], [-1, -1], [-1, -1], [-1, -1], [-1, -1], [-1, -1], [-1, -1], [-1, -1], [-1, -1], [-1, -1], [-1, -1], [-1, -1], [-1, -1], [-1, -1], [-1, -1], [-1, -1], [-1, -1], [-1, -1], [-1, -1], [-1, -1], [-1, -1], [-1, -1], [-1, -1], [-1, -1], [-1, -1], [-1, -1], [-1, -1], [-1, -1], [-1, -1], [-1, -1], [-1, -1], [-1, -1], [-1, -1], [-1, -1], [-1, -1], [-1, -1], [-1, -1], [-1, -1], [-1, -1], [-1, -1], [-1, -1], [-1, -1], [-1, -1], [-1, -1], [-1, -1], [-1, -1], [-1, -1], [-1, -1], [-1, -1], [-1, -1], [-1, -1], [-1, -1], [-1, -1], [-1, -1], [-1, -1], [-1, -1], [-1, -1], [-1, -1], [-1, -1], [-1, -1], [-1, -1], [-1, -1], [-1, -1], [-1, -1], 
TEST Image
163.000000, 195.000000, 150.000000, 150.000000, 143.000000, 172.000000, 155.000000, 184.000000, 169.000000, 216.000000, 216.000000, 230.000000, 181.000000, 185.000000, 183.000000, 161.000000, 122.000000, 183.000000, 109.000000, 132.000000, 186.000000, 225.000000, 154.000000, 153.000000, 196.000000, 168.000000, 201.000000, 209.000000, 153.000000, 203.000000, 196.000000, 187.000000, 202.000000, 195.000000, 166.000000, 165.000000, 224.000000, 200.000000, 160.000000, 161.000000, 218.000000, 191.000000, 253.000000, 159.000000, 147.000000, 237.000000, 211.000000, 224.000000, 199.000000, 182.000000, 211.000000, 121.000000, 216.000000, 191.000000, 134.000000, 255.000000, 191.000000, 169.000000, 160.000000, 182.000000, 196.000000, 176.000000, 189.000000, 189.000000, 152.000000, 209.000000, 194.000000, 170.000000, 218.000000, 147.000000, 188.000000, 138.000000, 167.000000, 178.000000, 229.000000, 210.000000, 205.000000, 173.000000, 243.000000, 190.000000, 183.000000, 195.000000, 161.000000, 178.000000, 162.000000, 180.000000, 235.000000, 150.000000, 191.000000, 171.000000, 196.000000, 189.000000, 190.000000, 199.000000, 209.000000, 147.000000, 206.000000, 228.000000, 203.000000, 220.000000, 143.000000, 246.000000, 199.000000, 154.000000, 206.000000, 218.000000, 207.000000, 190.000000, 172.000000, 188.000000, 178.000000, 227.000000, 186.000000, 174.000000, 187.000000, 227.000000, 218.000000, 174.000000, 155.000000, 209.000000, 165.000000, 200.000000, 214.000000, 193.000000, 161.000000, 196.000000, 159.000000, 232.000000, 214.000000, 142.000000, 173.000000, 173.000000, 251.000000, 224.000000, 152.000000, 167.000000, 172.000000, 255.000000, 171.000000, 212.000000, 193.000000, 160.000000, 239.000000, 156.000000, 192.000000, 165.000000, 155.000000, 167.000000, 196.000000, 212.000000, 199.000000, 192.000000, 177.000000, 166.000000, 192.000000, 199.000000, 194.000000, 194.000000, 176.000000, 179.000000, 237.000000, 192.000000, 169.000000, 220.000000, 179.000000, 151.000000, 205.000000, 208.000000, 169.000000, 212.000000, 219.000000, 205.000000, 199.000000, 219.000000, 164.000000, 218.000000, 191.000000, 162.000000, 173.000000, 162.000000, 238.000000, 201.000000, 203.000000, 158.000000, 233.000000, 249.000000, 202.000000, 220.000000, 242.000000, 172.000000, 215.000000, 217.000000, 195.000000, 143.000000, 229.000000, 182.000000, 223.000000, 175.000000, 179.000000, 197.000000, 214.000000, 166.000000, 215.000000, 189.000000, 216.000000, 173.000000, 175.000000, 194.000000, 181.000000, 160.000000, 250.000000, 214.000000, 190.000000, 208.000000, 232.000000, 214.000000, 200.000000, 136.000000, 198.000000, 185.000000, 197.000000, 153.000000, 166.000000, 213.000000, 203.000000, 192.000000, 186.000000, 129.000000, 199.000000, 199.000000, 186.000000, 166.000000, 190.000000, 232.000000, 212.000000, 192.000000, 222.000000, 174.000000, 179.000000, 239.000000, 200.000000, 212.000000, 221.000000, 145.000000, 149.000000, 155.000000, 168.000000, 240.000000, 178.000000, 150.000000, 168.000000, 235.000000, 198.000000, 202.000000, 237.000000, 198.000000, 133.000000, 204.000000, 204.000000, 161.000000, 172.000000, 208.000000, 175.000000, 147.000000, 125.000000, 206.000000, 198.000000, 194.000000, 205.000000, 164.000000, 198.000000, 164.000000, 197.000000, 155.000000, 161.000000, 202.000000, 152.000000, 165.000000, 181.000000, 199.000000, 178.000000, 182.000000, 197.000000, 203.000000, 202.000000, 204.000000, 155.000000, 195.000000, 168.000000, 174.000000, 146.000000, 187.000000, 230.000000, 214.000000, 183.000000, 219.000000, 193.000000, 186.000000, 223.000000, 176.000000, 193.000000, 100.000000, 220.000000, 202.000000, 150.000000, 167.000000, 180.000000, 149.000000, 167.000000, 148.000000, 219.000000, 213.000000, 169.000000, 194.000000, 150.000000, 255.000000, 110.000000, 187.000000, 183.000000, 208.000000, 186.000000, 227.000000, 212.000000, 160.000000, 255.000000, 215.000000, 226.000000, 188.000000, 232.000000, 141.000000, 173.000000, 221.000000, 234.000000, 200.000000, 142.000000, 207.000000, 202.000000, 169.000000, 211.000000, 192.000000, 157.000000, 195.000000, 199.000000, 203.000000, 184.000000, 178.000000, 217.000000, 184.000000, 240.000000, 206.000000, 204.000000, 185.000000, 198.000000, 226.000000, 210.000000, 133.000000, 218.000000, 236.000000, 200.000000, 143.000000, 187.000000, 178.000000, 146.000000, 228.000000, 214.000000, 203.000000, 151.000000, 187.000000, 204.000000, 165.000000, 253.000000, 180.000000, 220.000000, 170.000000, 142.000000, 210.000000, 169.000000, 185.000000, 212.000000, 166.000000, 212.000000, 178.000000, 216.000000, 174.000000, 181.000000, 151.000000, 164.000000, 181.000000, 178.000000, 172.000000, 175.000000, 234.000000, 147.000000, 206.000000, 174.000000, 218.000000, 255.000000, 212.000000, 220.000000, 188.000000, 246.000000, 184.000000, 253.000000, 109.000000, 192.000000, 210.000000, 162.000000, 130.000000, 162.000000, 171.000000, 207.000000, 220.000000, 226.000000, 149.000000, 187.000000, 226.000000, 190.000000, 183.000000, 196.000000, 214.000000, 141.000000, 151.000000, 219.000000, 255.000000, 201.000000, 181.000000, 138.000000, 152.000000, 215.000000, 158.000000, 212.000000, 166.000000, 167.000000, 171.000000, 186.000000, 250.000000, 199.000000, 180.000000, 128.000000, 195.000000, 191.000000, 194.000000, 149.000000, 186.000000, 238.000000, 215.000000, 122.000000, 214.000000, 177.000000, 213.000000, 208.000000, 195.000000, 208.000000, 255.000000, 215.000000, 197.000000, 222.000000, 168.000000, 165.000000, 155.000000, 199.000000, 158.000000, 174.000000, 149.000000, 201.000000, 206.000000, 180.000000, 149.000000, 183.000000, 161.000000, 164.000000, 141.000000, 170.000000, 184.000000, 179.000000, 180.000000, 179.000000, 158.000000, 175.000000, 216.000000, 211.000000, 196.000000, 236.000000, 215.000000, 197.000000, 214.000000, 149.000000, 182.000000, 182.000000, 198.000000, 183.000000, 178.000000, 142.000000, 169.000000, 194.000000, 123.000000, 161.000000, 197.000000, 233.000000, 137.000000, 212.000000, 177.000000, 180.000000, 176.000000, 169.000000, 159.000000, 199.000000, 171.000000, 212.000000, 172.000000, 162.000000, 233.000000, 
TEST basic Image

 WP array 
0.000074, 0.000139, 0.000123, 0.000101, 0.000370, 0.000139, 0.000185, 0.000159, 0.000123, 0.000093, 0.000111, 0.000222, 0.000093, 0.000185, 0.000123, 0.000093, 0.000062, 0.000139, 0.000159, 0.000222, 0.000111, 0.000222, 0.000185, 0.000139, 0.000111, 0.000278, 0.000085, 0.000058, 0.000046, 0.000041, 0.000058, 0.000048, 0.000041, 0.000051, 0.000043, 0.000051, 0.000058, 0.000048, 0.000053, 0.000053, 0.000062, 0.000056, 0.000079, 0.000123, 0.000101, 0.000123, 0.000159, 0.000159, 0.000139, 0.000185, 0.000159, 0.000370, 0.000093, 0.000139, 0.000222, 0.000123, 0.000222, 0.000370, 0.000139, 0.000111, 0.000139, 0.000278, 0.000101, 0.000123, 0.000056, 0.000079, 0.000139, 0.000123, 0.000139, 0.000123, 0.000111, 0.000222, 0.000159, 0.000185, 0.000159, 0.000370, 0.000123, 0.000111, 0.000370, 0.000139, 0.000139, 0.000278, 1.000000, 0.000278, 0.000278, 0.000185, 0.000278, 0.000278, 0.000159, 0.000123, 0.000159, 0.000159, 0.000074, 0.000222, 0.000101, 0.000278, 0.000123, 0.000123, 0.000101, 0.000111, 0.000370, 0.000222, 0.000101, 0.000159, 0.000159, 0.000159, 0.000278, 0.000185, 0.000278, 0.000101, 0.000139, 0.000111, 0.000123, 0.000139, 0.000111, 0.000111, 0.000123, 0.000123, 0.000123, 0.000093, 0.000111, 0.000159, 0.000185, 0.000139, 0.000123, 0.000111, 0.000101, 0.000185, 0.000139, 0.000159, 0.000123, 0.000093, 0.000139, 0.000159, 0.000123, 0.000074, 0.000222, 0.000139, 0.000185, 0.000085, 0.000085, 0.000069, 0.000185, 0.000139, 0.000123, 0.000159, 0.000101, 0.000139, 0.000111, 0.000035, 0.000038, 0.000038, 0.000051, 0.000046, 0.000044, 0.000037, 0.000040, 0.000048, 0.000048, 0.000048, 0.000046, 0.000044, 0.000035, 0.000048, 0.000037, 0.000036, 0.000069, 0.000111, 0.000278, 0.000139, 0.000139, 0.000185, 0.000222, 0.000159, 0.000159, 0.000159, 0.000111, 0.000185, 0.000159, 0.000185, 0.000159, 0.000159, 0.000222, 0.000185, 0.000159, 0.000222, 0.000185, 0.000222, 0.000040, 0.000053, 0.000069, 0.000139, 0.000159, 0.000159, 0.000278, 0.000093, 0.000074, 0.000111, 0.000085, 0.000159, 
 NP array 
15, 8, 9, 11, 3, 8, 6, 7, 9, 12, 10, 5, 12, 6, 9, 12, 18, 8, 7, 5, 10, 5, 6, 8, 10, 4, 13, 19, 24, 27, 19, 23, 27, 22, 26, 22, 19, 23, 21, 21, 18, 20, 14, 9, 11, 9, 7, 7, 8, 6, 7, 3, 12, 8, 5, 9, 5, 3, 8, 10, 8, 4, 11, 9, 20, 14, 8, 9, 8, 9, 10, 5, 7, 6, 7, 3, 9, 10, 3, 8, 8, 4, 1, 4, 4, 6, 4, 4, 7, 9, 7, 7, 15, 5, 11, 4, 9, 9, 11, 10, 3, 5, 11, 7, 7, 7, 4, 6, 4, 11, 8, 10, 9, 8, 10, 10, 9, 9, 9, 12, 10, 7, 6, 8, 9, 10, 11, 6, 8, 7, 9, 12, 8, 7, 9, 15, 5, 8, 6, 13, 13, 16, 6, 8, 9, 7, 11, 8, 10, 32, 29, 29, 22, 24, 25, 30, 28, 23, 23, 23, 24, 25, 32, 23, 30, 31, 16, 10, 4, 8, 8, 6, 5, 7, 7, 7, 10, 6, 7, 6, 7, 7, 5, 6, 7, 5, 6, 5, 28, 21, 16, 8, 7, 7, 4, 12, 15, 10, 13, 7, 
 Similar patches array 
[15501, 0], [15502, 0], [15503, 0], [15504, 0], [15505, 0], [15506, 0], [15507, 0], [15508, 0], [15509, 0], [15510, 0], [15511, 0], [15512, 0], [15513, 0], [15514, 0], [15515, 0], [15516, 0], [15517, 0], [15518, 0], [15519, 0], [15520, 0], [15521, 0], [15522, 0], [15523, 0], [15524, 0], [15525, 0], [15526, 0], [15527, 0], [15528, 0], [15529, 0], [15530, 0], [15531, 0], [15532, 0], [15533, 0], [15534, 0], [15535, 0], [15536, 0], [15537, 0], [15538, 0], [15539, 0], [15540, 0], [15541, 0], [15542, 0], [15543, 0], [15544, 0], [15545, 0], [15546, 0], [15547, 0], [15548, 0], [15549, 0], [15550, 0], [15551, 0], [15552, 0], [15553, 0], [15554, 0], [15555, 0], [15556, 0], [15557, 0], [15558, 0], [15559, 0], [15560, 0], [15561, 0], [15562, 0], [15563, 0], [15564, 0], [15565, 0], [15566, 0], [15567, 0], [15568, 0], [15569, 0], [15570, 0], [15571, 0], [15572, 0], [15573, 0], [15574, 0], [15575, 0], [15576, 0], [15577, 0], [15578, 0], [15579, 0], [15580, 0], [15581, 0], [15582, 0], [15583, 0], [15584, 0], [15585, 0], [15586, 0], [15587, 0], [15588, 0], [15589, 0], [15590, 0], [15591, 0], [15592, 0], [15593, 0], [15594, 0], [15595, 0], [15596, 0], [15597, 0], [15598, 0], [15599, 0], [15600, 0], [15601, 0], [15602, 0], [15603, 0], [15604, 0], [15605, 0], [15606, 0], [15607, 0], [15608, 0], [15609, 0], [15610, 0], [15611, 0], [15612, 0], [15613, 0], [15614, 0], [15615, 0], [15616, 0], [15617, 0], [15618, 0], [15619, 0], [15620, 0], [15621, 0], [15622, 0], [15623, 0], [15624, 0], [15625, 0], [15626, 0], [15627, 0], [15628, 0], [15629, 0], [15630, 0], [15631, 0], [15632, 0], [15633, 0], [15634, 0], [15635, 0], [15636, 0], [15637, 0], [15638, 0], [15639, 0], [15640, 0], [15641, 0], [15642, 0], [15643, 0], [15644, 0], [15645, 0], [15646, 0], [15647, 0], [15648, 0], [15649, 0], [15650, 0], [15651, 0], [15652, 0], [15653, 0], [15654, 0], [15655, 0], [15656, 0], [15657, 0], [15658, 0], [15659, 0], [15660, 0], [15661, 0], [15662, 0], [15663, 0], [15664, 0], [15665, 0], [15666, 0], [15667, 0], [15668, 0], [15669, 0], [15670, 0], [15671, 0], [15672, 0], [15673, 0], [15674, 0], [15675, 0], [15676, 0], [15677, 0], [15678, 0], [15679, 0], [15680, 0], [15681, 0], [15682, 0], [15683, 0], [15684, 0], [15685, 0], [15686, 0], [15687, 0], [15688, 0], [15689, 0], [15690, 0], [15691, 0], [15692, 0], [15693, 0], [15694, 0], [15695, 0], [15696, 0], [15697, 0], [15698, 0], [15699, 0], [15700, 0], [15701, 0], [15702, 0], [15703, 0], [15704, 0], [15705, 0], [15706, 0], [15707, 0], [15708, 0], [15709, 0], [15710, 0], [15711, 0], [15712, 0], [15713, 0], [15714, 0], [15715, 0], [15716, 0], [15717, 0], [15718, 0], [15719, 0], [15720, 0], [15721, 0], [15722, 0], [15723, 0], [15724, 0], [15725, 0], [15726, 0], [15727, 0], [15728, 0], [15729, 0], [15730, 0], [15731, 0], [15732, 0], [15733, 0], [15734, 0], [15735, 0], [15736, 0], [15737, 0], [15738, 0], [15739, 0], [15740, 0], [15741, 0], [15742, 0], [15743, 0], [15744, 0], [15745, 0], [15746, 0], [15747, 0], [15748, 0], [15749, 0], [15750, 0], [15751, 0], [15752, 0], [15753, 0], [15754, 0], [15755, 0], [15756, 0], [15757, 0], [15758, 0], [15759, 0], [15760, 0], [15761, 0], [15762, 0], [15763, 0], [15764, 0], [15765, 0], [15766, 0], [15767, 0], [15768, 0], [15769, 0], [15770, 0], [15771, 0], [15772, 0], [15773, 0], [15774, 0], [15775, 0], [15776, 0], [15777, 0], [15778, 0], [15779, 0], [15780, 0], [15781, 0], [15782, 0], [15783, 0], [15784, 0], [15785, 0], [15786, 0], [15787, 0], [15788, 0], [15789, 0], [15790, 0], [15791, 0], [15792, 0], [15793, 0], [15794, 0], [15795, 0], [15796, 0], [15797, 0], [15798, 0], [15799, 0], [15800, 0], [15801, 0], [15802, 0], [15803, 0], [15804, 0], [15805, 0], [15806, 0], [15807, 0], [15808, 0], [15809, 0], [15810, 0], [15811, 0], [15812, 0], [15813, 0], [15814, 0], [15815, 0], [15816, 0], [15817, 0], [15818, 0], [15819, 0], [15820, 0], [15821, 0], [15822, 0], [15823, 0], [15824, 0], [15825, 0], [15826, 0], [15827, 0], [15828, 0], [15829, 0], [15830, 0], [15831, 0], [15832, 0], [15833, 0], [15834, 0], [15835, 0], [15836, 0], [15837, 0], [15838, 0], [15839, 0], [15840, 0], [15841, 0], [15842, 0], [15843, 0], [15844, 0], [15845, 0], [15846, 0], [15847, 0], [15848, 0], [15849, 0], [15850, 0], [15851, 0], [15852, 0], [15853, 0], [15854, 0], [15855, 0], [15856, 0], [15857, 0], [15858, 0], [15859, 0], [15860, 0], [15861, 0], [15862, 0], [15863, 0], [15864, 0], [15865, 0], [15866, 0], [15867, 0], [15868, 0], [15869, 0], [15870, 0], [15871, 0], [15872, 0], [15873, 0], [15874, 0], [15875, 0], [15876, 0], [15877, 0], [15878, 0], [15879, 0], [15880, 0], [15881, 0], [15882, 0], [15883, 0], [15884, 0], [15885, 0], [15886, 0], [15887, 0], [15888, 0], [15889, 0], [15890, 0], [15891, 0], [15892, 0], [15893, 0], [15894, 0], [15895, 0], [15896, 0], [15897, 0], [15898, 0], [15899, 0], [15900, 0], [15901, 0], [15902, 0], [15903, 0], [15904, 0], [15905, 0], [15906, 0], [15907, 0], [15908, 0], [15909, 0], [15910, 0], [15911, 0], [15912, 0], [15913, 0], [15914, 0], [15915, 0], [15916, 0], [15917, 0], [15918, 0], [15919, 0], [15920, 0], [15921, 0], [15922, 0], [15923, 0], [15924, 0], [15925, 0], [15926, 0], [15927, 0], [15928, 0], [15929, 0], [15930, 0], [15931, 0], [15932, 0], [15933, 0], [15934, 0], [15935, 0], [15936, 0], [15937, 0], [15938, 0], [15939, 0], [15940, 0], [15941, 0], [15942, 0], [15943, 0], [15944, 0], [15945, 0], [15946, 0], [15947, 0], [15948, 0], [15949, 0], [15950, 0], [15951, 0], [15952, 0], [15953, 0], [15954, 0], [15955, 0], [15956, 0], [15957, 0], [15958, 0], [15959, 0], [15960, 0], [15961, 0], [15962, 0], [15963, 0], [15964, 0], [15965, 0], [15966, 0], [15967, 0], [15968, 0], [15969, 0], [15970, 0], [15971, 0], [15972, 0], [15973, 0], [15974, 0], [15975, 0], [15976, 0], [15977, 0], [15978, 0], [15979, 0], [15980, 0], [15981, 0], [15982, 0], [15983, 0], [15984, 0], [15985, 0], [15986, 0], [15987, 0], [15988, 0], [15989, 0], [15990, 0], [15991, 0], [15992, 0], [15993, 0], [15994, 0], [15995, 0], [15996, 0], [15997, 0], [15998, 0], [15999, 0], [16000, 0], [16001, 0], [16002, 0], [16003, 0], [16004, 0], [16005, 0], [16006, 0], [16007, 0], [16008, 0], [16009, 0], [16010, 0], [16011, 0], [16012, 0], [16013, 0], [16014, 0], [16015, 0], [16016, 0], [16017, 0], [16018, 0], [16019, 0], [16020, 0], [16021, 0], [16022, 0], [16023, 0], [16024, 0], [16025, 0], [16026, 0], [16027, 0], [16028, 0], [16029, 0], [16030, 0], [16031, 0], [16032, 0], [16033, 0], [16034, 0], [16035, 0], [16036, 0], [16037, 0], [16038, 0], [16039, 0], [16040, 0], [16041, 0], [16042, 0], [16043, 0], [16044, 0], [16045, 0], [16046, 0], [16047, 0], [16048, 0], [16049, 0], [16050, 0], [16051, 0], [16052, 0], [16053, 0], [16054, 0], [16055, 0], [16056, 0], [16057, 0], [16058, 0], [16059, 0], [16060, 0], [16061, 0], [16062, 0], [16063, 0], [16064, 0], [16065, 0], [16066, 0], [16067, 0], [16068, 0], [16069, 0], [16070, 0], [16071, 0], [16072, 0], [16073, 0], [16074, 0], [16075, 0], [16076, 0], [16077, 0], [16078, 0], [16079, 0], [16080, 0], [16081, 0], [16082, 0], [16083, 0], [16084, 0], [16085, 0], [16086, 0], [16087, 0], [16088, 0], [16089, 0], [16090, 0], [16091, 0], [16092, 0], [16093, 0], [16094, 0], [16095, 0], [16096, 0], [16097, 0], [16098, 0], [16099, 0], [16100, 0], [16101, 0], [16102, 0], [16103, 0], [16104, 0], [16105, 0], [16106, 0], [16107, 0], [16108, 0], [16109, 0], [16110, 0], [16111, 0], [16112, 0], [16113, 0], [16114, 0], [16115, 0], [16116, 0], [16117, 0], [16118, 0], [16119, 0], [16120, 0], [16121, 0], [16122, 0], [16123, 0], [16124, 0], [16125, 0], [16126, 0], [16127, 0], [16128, 0], [16129, 0], [16130, 0], [16131, 0], [16132, 0], [16133, 0], [16134, 0], [16135, 0], [16136, 0], [16137, 0], [16138, 0], [16139, 0], [16140, 0], [16141, 0], [16142, 0], [16143, 0], [16144, 0], [16145, 0], [16146, 0], [16147, 0], [16148, 0], [16149, 0], [16150, 0], [16151, 0], [16152, 0], [16153, 0], [16154, 0], [16155, 0], [16156, 0], [16157, 0], [16158, 0], [16159, 0], [16160, 0], [16161, 0], [16162, 0], [16163, 0], [16164, 0], [16165, 0], [16166, 0], [16167, 0], [16168, 0], [16169, 0], [16170, 0], [16171, 0], [16172, 0], [16173, 0], [16174, 0], [16175, 0], [16176, 0], [16177, 0], [16178, 0], [16179, 0], [16180, 0], [16181, 0], [16182, 0], [16183, 0], [16184, 0], [16185, 0], [16186, 0], [16187, 0], [16188, 0], [16189, 0], [16190, 0], [16191, 0], [16192, 0], [16193, 0], [16194, 0], [16195, 0], [16196, 0], [16197, 0], [16198, 0], [16199, 0], [16200, 0], [16201, 0], [16202, 0], [16203, 0], [16204, 0], [16205, 0], [16206, 0], [16207, 0], [16208, 0], [16209, 0], [16210, 0], [16211, 0], [16212, 0], [16213, 0], [16214, 0], [16215, 0], [16216, 0], [16217, 0], [16218, 0], [16219, 0], [16220, 0], [16221, 0], [16222, 0], [16223, 0], [16224, 0], [16225, 0], [16226, 0], [16227, 0], [16228, 0], [16229, 0], [16230, 0], [16231, 0], [16232, 0], [16233, 0], [16234, 0], [16235, 0], [16236, 0], [16237, 0], [16238, 0], [16239, 0], [16240, 0], [16241, 0], [16242, 0], [16243, 0], [16244, 0], [16245, 0], [16246, 0], [16247, 0], [16248, 0], [16249, 0], [16250, 0], [16251, 0], [16252, 0], [16253, 0], [16254, 0], [16255, 0], [16256, 0], [16257, 0], [16258, 0], [16259, 0], [16260, 0], [16261, 0], [16262, 0], [16263, 0], [16264, 0], [16265, 0], [16266, 0], [16267, 0], [16268, 0], [16269, 0], [16270, 0], [16271, 0], [16272, 0], [16273, 0], [16274, 0], [16275, 0], [16276, 0], [16277, 0], [16278, 0], [16279, 0], [16280, 0], [16281, 0], [16282, 0], [16283, 0], [16284, 0], [16285, 0], [16286, 0], [16287, 0], [16288, 0], [16289, 0], [16290, 0], [16291, 0], [16292, 0], [16293, 0], [16294, 0], [16295, 0], [16296, 0], [16297, 0], [16298, 0], [16299, 0], [16300, 0], [16301, 0], [16302, 0], [16303, 0], [16304, 0], [16305, 0], [16306, 0], [16307, 0], [16308, 0], [16309, 0], [16310, 0], [16311, 0], [16312, 0], [16313, 0], [16314, 0], [16315, 0], [16316, 0], [16317, 0], [16318, 0], [16319, 0], [16320, 0], [16321, 0], [16322, 0], [16323, 0], [16324, 0], [16325, 0], [16326, 0], [16327, 0], [16328, 0], [16329, 0], [16330, 0], [16331, 0], [16332, 0], [16333, 0], [16334, 0], [16335, 0], [16336, 0], [16337, 0], [16338, 0], [16339, 0], [16340, 0], [16341, 0], [16342, 0], [16343, 0], [16344, 0], [16345, 0], [16346, 0], [16347, 0], [16348, 0], [16349, 0], [16350, 0], [16351, 0], [16352, 0], [16353, 0], [16354, 0], [16355, 0], [16356, 0], [16357, 0], [16358, 0], [16359, 0], [16360, 0], [16361, 0], [16362, 0], [16363, 0], [16364, 0], [16365, 0], [16366, 0], [16367, 0], [16368, 0], [16369, 0], [16370, 0], [16371, 0], [16372, 0], [16373, 0], [16374, 0], [16375, 0], [16376, 0], [16377, 0], [16378, 0], [16379, 0], [16380, 0], [16381, 0], [16382, 0], [16383, 0], 
